82786 43097
3283 40526
13450 56607
15966 70877
35540 84690
33817 48130
4981 66548
87053 27265
879 10032
48902 35305
45566 35725
52765 12590
72943 79349
69925 41528
57059 61598
7417 54656
62463 14005
63218 3368
53664 46240
41022 81224
84065 13774
39122 50529
2825 21911
83801 13637
38480 87532
44568 62397
78288 84046
6335 10566
78338 82531
11071 13305
31371 21952
21739 37177
41418 18176
61092 6390
58935 31093
62956 63652
33517 57856
46234 85745
22302 38008
56388 36425
84500 19759
71434 6339
66046 56378
71533 74519
21089 28595
48118 56010
76740 61112
17500 82541
24118 30553
84910 42202
12386 15150
81920 16287
70260 81184
8865 2491
53838 4096
54127 51898
31225 75974
83461 68762
74789 76840
86527 34535
52707 46320
10589 45333
25038 49129
52023 81469
72443 47695
83176 19520
52232 51655
49547 3115
14645 53922
79922 44750
85065 2331
40390 62796
44224 55377
31861 79675
85013 60245
68646 58976
77498 11664
19313 49410
36641 77058
7278 74059
74690 63139
46612 71347
68067 59897
40671 41897
16424 63312
66942 34435
15534 14808
19809 40396
18587 31280
73494 16921
74743 8812
57573 37522
15496 53307
67645 39772
2358 80232
59637 51852
59350 76428
54206 57239
78817 81841
11135 71624
29153 43950
85326 46642
22172 66061
34031 25490
81304 35641
5403 48630
33374 46363
85960 58633
24598 16656
24774 83867
29609 39279
10239 20869
77052 62812
10456 33153
4314 71460
8587 529
58601 25418
2289 44922
7651 16009
67589 36755
76943 79530
47269 7536
18680 26963
58912 21693
32124 53303
84165 3269
83500 49672
86470 30592
41097 59861
61260 74952
43912 11974
84660 29122
58117 12315
39354 75307
32665 44512
4680 59606
16701 49039
69616 75810
10097 80567
41054 8585
75110 27567
12500 21382
937 48708
67776 50932
57856 62975
73219 42564
24309 48550
3723 72378
1269 54067
77765 59764
48705 31666
54718 6951
24043 26300
67293 27865
47365 5243
2253 84259
86212 38932
18349 8389
18263 36972
22960 22649
10660 83194
1025 44584
84165 19047
49372 85339
9821 85807
24607 52624
68913 2260
10830 59009
3976 58809
29665 60807
56822 50747
70821 33363
67250 44546
81696 15538
68639 31432
64524 53602
8642 19717
23026 77804
26955 55701
3073 45425
6135 9997
6372 69387
64873 11573
87359 55913
79023 12377
21325 51557
70350 45461
80422 57469
83261 43350
3281 62582
49281 22722
70827 87195
30870 78909
57161 6975
8244 79609
28717 86905
77642 69228
25419 66357
47087 7090
80585 54759
57087 42788
86202 60093
86049 7374
76949 64266
79379 73780
80929 18921
86410 75542
18225 4871
7815 3381
52173 52788
10855 29456
42307 70019
31750 50429
56329 53154
86096 56233
33400 67641
53055 8832
5430 78123
6112 61216
71037 47583
77167 15865
18472 64926
53709 35377
31512 40003
56038 42041
64125 17847
60890 20906
74066 15263
41843 27166
76487 53136
68554 37177
45977 64092
70794 32801
39534 41753
7316 77549
61314 11645
27039 65185
10873 65908
20547 37719
82088 71881
8572 81296
67113 51315
2117 26614
75331 2884
10035 80526
41088 15841
70731 73124
4921 63114
78003 56701
65307 10608
21463 13341
47551 53765
2805 10580
29555 25357
81284 1093
38297 31623
65129 6929
69421 66201
61038 52336
34715 83433
59937 73926
67035 55938
44586 51220
69622 1578
28104 319
86029 57272
55394 68521
77807 13980
53637 3298
61388 71598
55721 63265
5074 24649
80917 53654
14983 62410
10988 23689
60089 79033
38521 71973
52435 71019
33247 2824
84204 7640
43327 62621
730 24282
24100 33736
41054 55031
64213 43170
27138 37097
57232 59230
76895 83501
55670 47147
21259 11401
33115 71715
73018 60190
16075 11024
65326 83174
64714 36748
83513 9549
77278 30006
73696 32205
44457 80527
36447 16737
17906 29519
80618 13797
72134 20376
24199 38911
19660 64595
28681 61713
71557 50593
63827 10979
61341 34127
65507 33634
36053 29719
31612 68123
61287 68924
85738 58427
79046 15509
6444 1360
27854 40260
36861 42330
23995 57211
38962 84110
54860 59905
12684 81374
60199 18974
78564 86359
80227 30441
65354 29685
23826 33127
40318 63318
72847 76742
25875 41583
75214 2321
56727 33984
29253 38379
34050 43402
72067 70874
29443 82622
392 17680
28930 7245
78215 31251
67595 71345
31655 42944
72903 30481
60892 78629
35802 12071
52457 39858
2745 26666
41601 24926
8281 6533
43337 16976
73375 9339
70987 3838
41989 75925
77080 70431
50999 14795
63493 23662
23452 85
63488 56012
12111 79842
61414 4658
47506 83194
3906 58507
48342 36844
55646 21813
26958 68619
84672 13645
71811 41719
25271 79968
67756 56701
22416 82915
7799 65177
64702 4069
61595 86224
72051 15386
14304 57460
84688 46207
62691 53488
57113 82903
37053 7926
8829 1656
26887 74086
60152 83597
40486 51632
85949 64562
73109 5174
22760 64525
39414 19278
33311 2775
24997 66335
54607 1776
37924 72406
26053 32582
39841 74574
51681 25689
34801 15726
34634 13472
68493 58430
39247 22226
39646 74774
84201 84394
8766 37424
35959 19615
86694 12651
28100 18811
12401 47535
42052 53659
26589 22081
42339 73432
10229 11105
87429 31411
9585 25473
22238 25242
84945 39863
25006 41089
72053 35120
81138 74962
50063 51063
84459 80056
75692 49240
44947 2981
14677 53638
50784 50415
963 10073
16541 7405
73377 22391
59560 48764
41250 946
39562 49433
34628 63199
82345 22440
46324 32362
63573 58867
75202 6715
12575 76611
79241 23997
9797 20739
4871 4681
25680 40199
16277 63145
11715 25430
6201 24215
44365 60367
3415 78757
14532 6879
31211 42236
56645 14160
81006 69548
57860 28375
59198 39895
30350 23401
85405 83925
40284 37385
36648 53412
61676 52436
51993 11366
76779 21511
61454 66352
37341 1593
37961 12331
77223 10672
84199 42550
2013 28733
20424 13717
52016 45364
58113 47860
49396 67404
24799 26671
50355 37924
6172 69734
32333 42345
24645 16066
76963 62068
22725 17826
1094 22018
18279 79799
38015 38917
38702 85779
44803 9896
54046 60045
76412 54966
22914 74914
29791 46539
31201 17396
40100 26108
22711 3881
58126 80743
87518 62055
12698 33562
46374 2814
85015 68768
82961 25840
61661 23156
28342 79183
64941 8398
75922 18359
62481 41910
49428 43552
26333 39214
40318 82730
44079 21415
76686 8085
36386 29126
47664 77017
54933 32776
41794 1662
65076 12200
42610 58365
21800 37810
3642 9828
74598 83776
42220 63527
32338 8770
2463 41519
5113 37451
72427 35477
26636 18706
73788 2757
7584 60433
35620 30574
23894 53108
71557 66909
71493 21138
13627 42527
55934 34943
21578 74918
13498 19801
7330 192
60592 5193
71664 79211
77760 56414
28515 86333
46411 23278
27720 17664
28463 81093
61770 72008
66993 49226
36003 28168
39689 1377
6420 33731
23708 29734
27944 47790
14012 5744
50286 13401
19842 73981
4188 12445
54309 49621
5323 65340
47712 8926
30472 3916
64090 6964
58500 4022
23725 12689
55200 4443
26951 27766
77018 59237
76505 44918
40512 20692
54107 24157
56929 35522
43629 39854
28081 25135
6737 61015
12102 30512
47212 25834
27097 56843
75547 28849
7551 70223
62681 7381
34360 32484
45395 73159
47503 68377
74074 24927
27597 9082
78685 38539
19880 65414
19215 73660
25886 83662
37093 31237
5497 74478
82939 83745
12953 65778
84494 36790
74478 18821
51626 83636
64389 26392
10625 25092
11772 30500
61261 17552
33956 29684
86371 80310
18457 10194
18690 52623
55123 3875
31 66837
20958 50167
23674 12198
4610 5152
6334 56879
42410 50069
22027 7112
24291 19081
33372 40696
8329 56767
58198 17383
13136 1708
76434 69789
66289 63427
83444 41756
59411 24561
76917 33258
58485 40431
4761 53819
81732 2089
18508 30481
26640 81622
68874 34605
69493 66493
72198 32124
69978 83615
64301 56632
41525 10491
66089 54211
53683 53262
70781 62429
27965 38606
71102 14156
64484 72536
48987 14970
66585 11776
83503 19683
48671 50414
15493 72587
58460 40712
85202 36692
78633 27370
75230 69706
23612 38460
72358 82550
37289 38074
64500 3143
16050 19202
74079 28626
74900 31430
340 61098
43915 43600
48838 81335
21689 30007
10420 48193
78509 1888
54670 51680
10189 11125
16562 86827
86497 1587
11310 40315
42824 50855
56513 34266
7693 61824
26955 62090
67321 71129
5206 72830
17253 13865
26512 55309
36686 75137
17279 27701
78917 48236
61973 10800
71853 44024
39343 27515
22480 11310
50255 27272
20448 4762
40548 68202
9097 16803
43919 14981
69614 5878
85701 69282
31055 34330
40154 19901
4390 42147
37501 29229
62436 34101
22554 21492
26389 83793
3093 62684
74665 6669
63991 65021
44375 39489
74692 74286
23687 28396
59643 24009
13806 74655
54680 31911
76778 73400
76272 76709
22967 27164
57986 1450
41682 53453
27574 55101
6834 60440
54387 80183
79040 17981
57467 18945
54666 54612
82230 71126
69441 28468
3107 45885
427 60860
62714 16459
62604 71156
12443 42612
37060 24214
12481 24743
16256 78004
46712 23861
58272 32670
49989 59722
13841 66714
29016 40339
52676 72967
41013 19307
87451 55799
11260 26993
60864 44405
53588 15329
8030 56469
15966 76931
79766 79163
47385 8193
84024 38475
42560 48745
24839 1748
50934 58846
77357 43079
9970 42627
56959 46357
54824 48716
7731 63663
80006 3274
47153 64605
75239 50356
87565 52566
62685 19500
47186 85056
25922 14702
49879 81653
9534 13977
7385 72672
65727 59039
73572 5672
19266 33827
77696 55920
29698 72500
66544 47490
13215 86374
72671 25574
75229 83481
86688 51218
15211 40
530 4983
23471 35917
38227 14288
21382 53849
76474 63480
25158 43346
17394 64193
4013 40815
54857 81233
11704 75321
6806 73385
10156 64566
1817 84519
6938 87293
34834 15690
40256 15668
35192 33928
36006 22070
84057 39679
48854 82880
64990 22056
52101 31620
68030 69910
68844 20161
85366 68547
24658 69105
75429 63300
48180 45195
1409 76850
80024 51179
20206 56442
14881 53895
1163 25813
11252 16511
16099 26431
78277 55435
5839 40358
54648 30704
62669 23292
2530 40390
83573 10011
49296 41302
7552 53061
71344 53108
7523 72540
22634 81028
49626 71686
5727 65269
52731 44550
16535 76649
85817 83012
85300 52797
49130 19403
17915 69724
23921 49552
15389 25574
59237 81270
20161 74726
55071 11191
13936 63477
61732 48030
6784 30187
22036 9758
11458 20357
54540 57049
38237 57796
72093 80090
75574 37955
2532 16310
68253 68423
19364 31755
28671 56118
30479 20004
76363 25367
23303 58649
38297 70007
48045 50171
70774 30684
1172 74081
8267 1081
70456 50500
6224 38886
988 13089
87292 16537
27453 13596
44720 8987
52391 50641
36063 34631
51168 60210
52150 56990
84484 26494
33643 58612
27842 46937
9352 41523
28885 79192
77477 56532
22607 36024
63649 75225
53207 35483
13185 8619
7386 31102
47555 2137
79411 79311
84868 66908
58016 67094
8515 55457
62832 25006
3659 4360
34188 84325
55521 27686
82047 22799
84374 24331
45693 45780
18539 17410
79200 41430
73786 60252
58435 24315
14164 57476
7644 22129
23094 53166
84857 22055
62054 54863
47549 81840
37988 44220
58774 7444
66874 19520
69219 10840
72057 35298
62454 66908
43254 70512
60271 38249
16856 25848
42675 42359
34178 51715
5660 84122
21203 73260
37561 75351
84245 57716
81923 71022
72028 47389
748 75810
75065 42591
23262 74064
63799 71654
15187 73866
47989 71509
52815 21293
85744 10703
22427 87417
29525 70428
44566 26402
8758 19808
51175 17388
59842 52123
54119 63322
41528 75551
15392 23829
83812 5898
38052 85214
5709 52406
53550 61311
28502 43830
61768 11087
79906 71285
4463 16837
10939 59719
72510 31739
18167 4841
5513 10082
1509 72607
14056 83537
13352 31968
19339 51968
57769 11870
71879 69775
54866 74145
46091 25915
49690 84369
14848 71479
64402 65192
27024 76228
35215 55950
23549 29941
70697 56121
78670 14429
55144 60896
30271 66063
74038 11715
19938 55252
58290 47940
67136 85361
46186 50543
47693 23092
1761 26018
33223 72331
85291 44914
66232 62196
62718 21134
20941 52688
83012 18761
20860 16029
6825 30636
3422 62458
87076 76454
68655 24068
5176 60611
36207 46342
63328 66701
39869 14264
80170 15533
39953 28523
85705 61630
36398 54400
8917 59662
72254 73682
17872 44085
48968 16014
32483 76768
2016 10550
50665 4933
66286 24118
33253 38971
5012 71403
22488 30176
18388 71518
23083 44701
46533 25842
3994 56844
74770 7416
63950 63802
4741 69370
27702 28260
82289 36340
5494 310
24834 56611
20209 8782
53565 4290
73748 80523
34132 27458
35668 10863
65519 75754
72146 39974
49912 58925
